[1] "***************************************************"
[1] "************** Question 1 test ********************"
[1] "***************************************************"
[1] "Original matrix for Q1"
     [,1] [,2] [,3]
[1,]   11    8    5
[2,]   15   30    7
[3,]    2    4   13
[1] "Inverse of original matrix for Q1"
              [,1]        [,2]         [,3]
[1,]  1.428571e-01 -0.03314917 -0.037095501
[2,] -7.142857e-02  0.05248619 -0.000789266
[3,]  3.285980e-19 -0.01104972  0.082872928
[1] "***************************************************"
[1] "***************** Question 2 **********************"
[1] "***************************************************"
[1] "This is the X matrix (explanatory variables)"
     [,1] [,2]
[1,]  150  158
[2,]  152  160
[3,]  154  162
[4,]  156  164
[1] "This is the Y vector (outcomes)"
          [,1]
[1,] 0.0000000
[2,] 0.8414710
[3,] 0.9092974
[4,] 0.1411200
[1] "This is the matrix W = (X:Y)^T (X:Y)"
           [,1]        [,2]      [,3]
[1,] 93656.0000  98552.0000 289.95011
[2,] 98552.0000 103704.0000 305.08522
[3,]   289.9501    305.0852   1.55481
     [,1]
[1,]    1
[2,]    2
[1] "********Result from sweeping columns 1 and 2 of matrix W********"
[1] "coefficients and RSS"
            [,1]        [,2]       [,3]
[1,]  20.2546875 -19.2484375  0.4351349
[2,] -19.2484375  18.2921875 -0.4105755
[3,]  -0.4351349   0.4105755  0.6479364
[1] 0.3239682
[1] "standard errors of coefficients"
         [,1]
[1,] 2.561616
[2,] 2.434356
[1] "*********Regression Results from lm procedure*********"

Call:
lm(formula = y ~ x + 0)

Residuals:
      1       2       3       4 
-0.3993  0.3931  0.4118 -0.4055 

Coefficients:
   Estimate Std. Error t value Pr(>|t|)
x1   0.4351     2.5616   0.170    0.881
x2  -0.4106     2.4344  -0.169    0.882

Residual standard error: 0.5692 on 2 degrees of freedom
Multiple R-squared: 0.5833,	Adjusted R-squared: 0.1665 
F-statistic:   1.4 on 2 and 2 DF,  p-value: 0.4167 

[1] "RSS"
[1] 0.6479364
[1] "***************************************************"
[1] "***** Question 3 (find starting values) ***********"
[1] "***************************************************"
 num [1:40401] 4594 4595 4596 4598 4599 ...
[1] "Starting values for use in the non-linear regression, Data1"
      Var1 Var2
20224   23    0
[1] 319.1
[1] 5978.3
[1] "Starting values for use in the non-linear regression, Data2"
    Var1 Var2 Var3
221    0    0   10
[1] 12.33498
[1] 13.53021
